-0.000652918136887849958130414229628968315
-0.003225291763580445322801004692792048445
-0.008051464949647898008966429017618793296
-0.013880330037220129507646859678970940877
-0.01600735377004113002552543321144185029
-0.007576593134427573629496865947885453352
 0.017574457054018912532944440840765309986
 0.060366788761176765065741278704081196338
 0.113688623339889327557017395520233549178
 0.163350332558496125212599281439906917512
 0.193431520559376346479751873630448244512
 0.193431520559376346479751873630448244512
 0.163350332558496125212599281439906917512
 0.113688623339889327557017395520233549178
 0.060366788761176765065741278704081196338
 0.017574457054018912532944440840765309986
-0.007576593134427573629496865947885453352
-0.01600735377004113002552543321144185029
-0.013880330037220129507646859678970940877
-0.008051464949647898008966429017618793296
-0.003225291763580445322801004692792048445
-0.000652918136887849958130414229628968315