-0.001410848594000535527470674423966556787
 0.001131711228101890329145184921344480244
 0.003764458907028789356324915971185873786
 0.008518107896053304928241090010487823747
 0.015655725644890868680780826593945675995
 0.025192852031931264877862020057364134118
 0.036786632720998552192881447808758821338
 0.049706538773899383576448940402769949287
 0.06288694199692568265191994214546866715
 0.075054554083382241103095111611764878035
 0.084910480490971981804015911166061414406
 0.091333318618252404275104083808400901034
 0.093563774157541634846069200648344121873
 0.091333318618252404275104083808400901034
 0.084910480490971981804015911166061414406
 0.075054554083382241103095111611764878035
 0.06288694199692568265191994214546866715
 0.049706538773899383576448940402769949287
 0.036786632720998552192881447808758821338
 0.025192852031931264877862020057364134118
 0.015655725644890868680780826593945675995
 0.008518107896053304928241090010487823747
 0.003764458907028789356324915971185873786
 0.001131711228101890329145184921344480244
-0.001410848594000535527470674423966556787