0.000073548551459817488652227768231028904
0.000032666698110825023075934336880266073
-0.000045579951019384884274530944647807473
-0.000218721279135051182261617608304504756
-0.000483472198677443619138638375432037719
-0.00078750614875366757843683229722842043
-0.001020666536963143154748134833198491833
-0.001026904820879451576964846992723323638
-0.000642345844203003079643521378017112511
0.000243891096047264583236008350652923582
0.001619220136355409159559237686210053653
0.003289837464286287250364582135375712824
0.004861116074413873895665449964553772588
0.005778538761908522114474351383250905201
0.005437825474495072003433548957218590658
0.003353763310572569888295957341028952214
-0.000645077018143335877316257853664183131
-0.006244854604305793976948280032956972718
-0.012554193032829731938027073567809566157
-0.018137501134263201568730394797057670075
-0.021196311549590122341735209943180962
-0.019884404141553478628789974891333258711
-0.012705166751143935621737313113044365309
0.001091376916209577194877278216722515936
0.02120699196032552538704329947449878091
0.046174114275200246748642740612922352739
0.073465549197391288860359281898126937449
0.099836609255805994211918630298896459863
0.121845303014029071597690290218451991677
0.136450671859564443000323308297083713114
0.14156651694820074349756566789437783882
0.136450671859564443000323308297083713114
0.121845303014029071597690290218451991677
0.099836609255805994211918630298896459863
0.073465549197391288860359281898126937449
0.046174114275200246748642740612922352739
0.02120699196032552538704329947449878091
0.001091376916209577194877278216722515936
-0.012705166751143935621737313113044365309
-0.019884404141553478628789974891333258711
-0.021196311549590122341735209943180962
-0.018137501134263201568730394797057670075
-0.012554193032829731938027073567809566157
-0.006244854604305793976948280032956972718
-0.000645077018143335877316257853664183131
0.003353763310572569888295957341028952214
0.005437825474495072003433548957218590658
0.005778538761908522114474351383250905201
0.004861116074413873895665449964553772588
0.003289837464286287250364582135375712824
0.001619220136355409159559237686210053653
0.000243891096047264583236008350652923582
-0.000642345844203003079643521378017112511
-0.001026904820879451576964846992723323638
-0.001020666536963143154748134833198491833
-0.00078750614875366757843683229722842043
-0.000483472198677443619138638375432037719
-0.000218721279135051182261617608304504756
-0.000045579951019384884274530944647807473
0.000032666698110825023075934336880266073
0.000073548551459817488652227768231028904