-0.001298636673184437161782112113428411249
-0.005086909496113199702360674336887313984
-0.01136911769439503949730152498887036927
-0.01648804496020365301101051613841264043
-0.012671105579099620902505662911607942078
 0.008956389663755304555992076132042711833
 0.052381331917250389951234978980210144073
 0.111347035751936690450847322608751710504
 0.169116223851181635140505932213272899389
 0.205078953339910052822148145423852838576
 0.205078953339910052822148145423852838576
 0.169116223851181635140505932213272899389
 0.111347035751936690450847322608751710504
 0.052381331917250389951234978980210144073
 0.008956389663755304555992076132042711833
-0.012671105579099620902505662911607942078
-0.01648804496020365301101051613841264043
-0.01136911769439503949730152498887036927
-0.005086909496113199702360674336887313984
-0.001298636673184437161782112113428411249
