-0.000671568906722519974594742819817838608
 0.003390629476321544745476277427087552496
 0.001115555628697226936418829268404806498
-0.009840730280038203353631942604806681629
 0.009667823544040304861724166585190687329
 0.011232664557750515754719344840850681067
-0.034808161827024376722139464845895417966
 0.018470759559804091759493971380834409501
 0.05130755101579643345788284136688162107
-0.109264955661583992863050696087157120928
 0.024857079624385838845235241478803800419
 0.535842134168873829302981448563514277339
 0.535842134168873829302981448563514277339
 0.024857079624385838845235241478803800419
-0.109264955661583992863050696087157120928
 0.05130755101579643345788284136688162107
 0.018470759559804091759493971380834409501
-0.034808161827024376722139464845895417966
 0.011232664557750515754719344840850681067
 0.009667823544040304861724166585190687329
-0.009840730280038203353631942604806681629
 0.001115555628697226936418829268404806498
 0.003390629476321544745476277427087552496
-0.000671568906722519974594742819817838608
