-0.001905106572445282742817029841830844816
-0.005365700491097098040471635727044485975
-0.000640582434038168904710808249092224287
 0.016106115972190214458148460607844754122
 0.018730949196462468031576520388625795022
-0.022731775506352459165215762482148420531
-0.066843210336721775588486593733250629157
-0.006336939949064507304754556571424473077
 0.189583584333519461484485191249405033886
 0.378263266937895470398700581426965072751
 0.378263266937895470398700581426965072751
 0.189583584333519461484485191249405033886
-0.006336939949064507304754556571424473077
-0.066843210336721775588486593733250629157
-0.022731775506352459165215762482148420531
 0.018730949196462468031576520388625795022
 0.016106115972190214458148460607844754122
-0.000640582434038168904710808249092224287
-0.005365700491097098040471635727044485975
-0.001905106572445282742817029841830844816