-0.000223703651683778456486784147472235418
 0.000159199008896443265897308050327296769
 0.000844761548289260210536921746893312957
 0.002293315976447777432278840592516644392
 0.00481909723406108610188613994296247256
 0.008718892479573345233312409163772827014
 0.014204681880313426572959301097398565616
 0.021338203084992193869773302594694541767
 0.029978950871959394314236746481583395507
 0.039758198712115028206071087879536207765
 0.050088507335326798441954565532796550542
 0.060212175694555794547291327489801915362
 0.069284534885018331240580380381288705394
 0.076480497533803218357384423597977729514
 0.081107234041850453931665754225832642987
 0.082703419890058957331113731470395578071
 0.081107234041850453931665754225832642987
 0.076480497533803218357384423597977729514
 0.069284534885018331240580380381288705394
 0.060212175694555794547291327489801915362
 0.050088507335326798441954565532796550542
 0.039758198712115028206071087879536207765
 0.029978950871959394314236746481583395507
 0.021338203084992193869773302594694541767
 0.014204681880313426572959301097398565616
 0.008718892479573345233312409163772827014
 0.00481909723406108610188613994296247256
 0.002293315976447777432278840592516644392
 0.000844761548289260210536921746893312957
 0.000159199008896443265897308050327296769
-0.000223703651683778456486784147472235418