0.001946159759569079765462173980949955876
0.004896039803453203741179233787761404528
0.010174829626092590784125491154554765671
0.018052413106394944730670459875909727998
0.028583017121813991678891397896222770214
0.041352840219061853810345041893015149981
0.0554479238870643348358058233316114638
0.069533083479659973935582684134715236723
0.082038866439036101096959896494809072465
0.091424098122926414355937652089778566733
0.096458148426178669243569174795993603766
0.096458148426178669243569174795993603766
0.091424098122926414355937652089778566733
0.082038866439036101096959896494809072465
0.069533083479659973935582684134715236723
0.0554479238870643348358058233316114638
0.041352840219061853810345041893015149981
0.028583017121813991678891397896222770214
0.018052413106394944730670459875909727998
0.010174829626092590784125491154554765671
0.004896039803453203741179233787761404528
0.001946159759569079765462173980949955876