-0.000829442316797029477806746378121260932
 0.000454801656323978575197086726689121861
 0.011730978001150856732115457248255552258
 0.042918618533427349559516983390494715422
 0.095736236295374838034533127029135357589
 0.155599397180461729295330997047130949795
 0.196101448015458007523292849327845033258
 0.196101448015458007523292849327845033258
 0.155599397180461729295330997047130949795
 0.095736236295374838034533127029135357589
 0.042918618533427349559516983390494715422
 0.011730978001150856732115457248255552258
 0.000454801656323978575197086726689121861
-0.000829442316797029477806746378121260932
