 0.000443646816931132564540418705689717171
 0.00222825293989737218194879808663699805 
 0.003029302987790169748166801966249295219
-0.000907679274419202200205325503645781282
-0.008478568192990979662804207350745855365
-0.00912594111632979848591773475163790863 
 0.006039208391545450478610224109843329643
 0.025174910195865075890342410502853454091
 0.018124271089165564646572548213043774012
-0.026266486081468701924146458281938976143
-0.065411809392940778451475125621072947979
-0.026563170848743735547037303490469639655
 0.115132738408007459507409464549709809944
 0.286158105422983088939048457177705131471
 0.363384587264994451949462472839513793588
 0.286158105422983088939048457177705131471
 0.115132738408007459507409464549709809944
-0.026563170848743735547037303490469639655
-0.065411809392940778451475125621072947979
-0.026266486081468701924146458281938976143
 0.018124271089165564646572548213043774012
 0.025174910195865075890342410502853454091
 0.006039208391545450478610224109843329643
-0.00912594111632979848591773475163790863 
-0.008478568192990979662804207350745855365
-0.000907679274419202200205325503645781282
 0.003029302987790169748166801966249295219
 0.00222825293989737218194879808663699805 
 0.000443646816931132564540418705689717171